#54,9cm, 1000g
#x_l x_r D_0l D_0r D_Ml D_Mr dD_l dD_r 
31 24 7.91 8.00 7.83 7.93 0.07 0.08   0.07 0.08
33 22 7.97 7.94 7.98 7.86 0.08 -0.010 0.08 -0.01
35 20 8.18 7.88 8.08 7.79 0.08 0.01   0.09 0.10
37 18 8.26 7.79 8.18 7.73 0.06 0.08   0.04 0.08
39 16 8.35 7.81 8.27 7.75 0.06 0.08   0.06 0.08
41 14 8.43 7.77 8.36 7.73 0.04 0.07   0.04 0.07
43 12 8.54 7.76 8.48 7.72 0.04 0.06   0.04 0.06
45 10 8.55 7.76 8.53 7.72 0.04 0.02   0.04 0.02
47 08 8.73 7.74 8.69 7.72 0.02 0.04   0.04 0.04
49 06 8.75 7.71 8.72 7.70 0.01 0.03   0.01 0.03

#8.00-7.93=0.07
#7.94-7.86=0.08
#7.88-7.79=0.09
#7.79-7.73=0.04
#7.81-7.75=0.06
#7.77-7.73=0.04
#7.76-7.72=0.04
#7.76-7.72=0.04
#7.74-7.72=0.04
#7.71-7.70=0.01

#7.91-7.83=0.08
#7.97-7.98=-0.01
#8.18-8.08=0.1
#8.26-8.18=0.08
#8.35-8.27=0.08
#8.43-8.36=0.07
#8.54-8.48=0.06
#8.55-8.53=0.02
#8.73-8.69=0.04
#8.75-8.72=0.03