# t T_b p_b  T_a  p_a A
0   21.5 4.4 21.0 4.1 0
1   22.0 6.0 21.0 1.4 165
2   22.8 6.2 21.0 1.6 175
3   23.8 6.6 20.4 1.6 185
4   25.2 7.0 19.0 2.0 192
5   26.7 7.5 17.4 2.1 200
6   28.5 8.0 15.6 2.2 200
7   30.3 8.2 13.9 2.2 200
8   32.0 8.6 12.2 2.2 205
9   33.7 9.0 10.6 2.2 205
10  35.4 9.4 9.0  2.2 206 
11  37.0 9.7 7.5  2.2 210
12  38.5 10.1 6.2 2.3 210 
13  40.1 10.4 5.1 2.3 210 
14  41.6 10.8 4.1 2.3 210
15  43.0 11.0 3.4 2.3 210 
16  44.4 11.5 2.8 2.3 210
17  45.6 11.7 2.2 2.3 210
18  46.8 12.0 1.7 2.3 210 
19  48.0 12.2 1.3 2.3 210 
20  49.0 12.5 0.9 2.2 205
21  50.0 12.8 0.4 2.2 205
# Unsicherheiten: 
# +-0.1°C für T1,T2
# +-0.5bar für Druck
# +-5 Watt für Arbeit
# +-1,2 ml für Wasser