# T     p    
293.15  40
294.15  167
295.15  228
296.15  255
297.15  274
298.15  287
299.15  296
300.15  303
301.15  310
302.15  316
303.15  322
304.15  327
305.15  331
306.15  336
307.15  341
308.15  347
309.15  351
310.15  356
311.15  362
312.15  367
313.15  372
314.15  379
315.15  385
316.15  395
317.15  400
318.15  405
319.15  412
320.15  421
321.15  431
322.15  439
323.15  445
324.15  453
325.15  461
326.15  465
327.15  476
328.15  482
329.15  491
330.15  500
331.15  511
332.15  520
333.15  528
334.15  537
335.15  549
336.15  562
337.15  571
338.15  578
339.15  586
340.15  600
342.15  628
343.15  638
344.15  650
345.15  660
346.15  670
347.15  690
348.15  701
349.15  716
350.15  723
351.15  743
352.15  760
353.15  773
354.15  790
355.15  810
356.15  826
357.15  844
358.15  856
359.15  879
360.15  901
361.15  913
362.15  933
363.15  944
364.15  966
365.15  979
366.15  990
367.15  1015
368.15  1030
369.15  1046
370.15  1061
371.15  1079
372.15  1093
373.15  1108
